[gd_scene load_steps=9 format=2]

[ext_resource path="res://scripts/Controller.gdns" type="Script" id=1]
[ext_resource path="res://envs/test_env.tres" type="Environment" id=2]
[ext_resource path="res://Assets/crate.tscn" type="PackedScene" id=3]
[ext_resource path="res://Assets/hummingbird.tscn" type="PackedScene" id=4]

[sub_resource type="BoxShape" id=1]
extents = Vector3( 15, 1, 15 )

[sub_resource type="CubeMesh" id=2]
size = Vector3( 30, 2, 30 )

[sub_resource type="SpatialMaterial" id=3]
albedo_color = Color( 0.14902, 0.219608, 0.109804, 1 )

[sub_resource type="BoxShape" id=4]

[node name="Level" type="Spatial"]
transform = Transform( 1, 0, 0, 0, 1, 0, 0, 0, 1, 0, 0, 0.017 )

[node name="WorldEnvironment" type="WorldEnvironment" parent="."]
environment = ExtResource( 2 )

[node name="floor" type="StaticBody" parent="."]
transform = Transform( 3.9775, 0, 0, 0, 0.994375, 0, 0, 0, 3.9775, 0, 0, 0 )

[node name="CollisionShape" type="CollisionShape" parent="floor"]
shape = SubResource( 1 )

[node name="MeshInstance" type="MeshInstance" parent="floor"]
transform = Transform( 0.999996, 0, 0, 0, 0.999996, 0, 0, 0, 0.999996, 0, -15.682, 0 )
use_in_baked_light = true
mesh = SubResource( 2 )
material/0 = SubResource( 3 )

[node name="Crate" parent="." instance=ExtResource( 3 )]
transform = Transform( 1, 0, 0, 0, 1, 0, 0, 0, 1, 0, 1, 4.98 )

[node name="DirectionalLight" type="DirectionalLight" parent="."]
transform = Transform( 0.819151, -0.381314, 0.428475, 0, 0.747021, 0.6648, -0.573577, -0.544572, 0.611924, 10.75, 14.8, -8.77 )

[node name="Camera" type="Camera" parent="."]
transform = Transform( -4.37114e-08, 0.685869, -0.727725, 0, 0.727725, 0.685869, 1, 2.99803e-08, -3.18099e-08, -28.9167, 37.0703, 0.868696 )
current = true

[node name="Spatial" type="Spatial" parent="."]
transform = Transform( 1, 0, 0, 0, 1, 0, 0, 0, 1, 10, 10, 20 )
script = ExtResource( 1 )

[node name="hummingbird" parent="Spatial" instance=ExtResource( 4 )]
transform = Transform( 5.85792, 0, 0, 0, 5.85, 0, 0, 0, 5.84973, 0, 0, 0 )

[node name="CollisionShape" type="CollisionShape" parent="Spatial/hummingbird"]
transform = Transform( 1, 0, 1.50996e-07, 0, -0.217969, 0, -1.50996e-07, 0, 1, -0.000838757, -0.0102565, -0.00476122 )
shape = SubResource( 4 )

[node name="Spatial" type="Spatial" parent="Spatial/hummingbird"]
transform = Transform( -1, 0, 8.74228e-08, 0, 1, 0, -8.74228e-08, 0, -1, 0, 0, -1.35733 )

[node name="drone_camera" type="Camera" parent="Spatial"]
transform = Transform( 1, 0, 0, 0, 0.949852, 0.3127, 0, -0.3127, 0.949852, -0.0530005, -0.5, 0 )
